<?xml version="1.0" encoding="UTF-8" standalone="no"?>
<!DOCTYPE svg PUBLIC "-//W3C//DTD SVG 20010904//EN"
              "http://www.w3.org/TR/2001/REC-SVG-20010904/DTD/svg10.dtd">

<svg xmlns="http://www.w3.org/2000/svg"
     width="2.88889in" height="3.77778in"
     viewBox="0 0 260 340">
  <path id="Selection"
        fill="none" stroke="black" stroke-width="1"
        d="M 188.00,162.04
           C 188.00,162.04 216.00,173.77 216.00,173.77
             222.70,176.83 229.30,179.29 234.91,184.32
             242.90,191.50 253.15,211.24 254.73,222.00
             254.73,222.00 254.73,237.00 254.73,237.00
             255.01,246.18 256.85,249.16 254.73,259.00
             253.29,263.93 244.10,281.30 241.25,287.00
             239.61,290.26 236.54,295.44 236.51,299.00
             236.51,299.00 241.38,321.00 241.38,321.00
             242.01,324.82 241.90,329.40 237.79,331.26
             235.84,332.14 232.18,332.00 230.00,332.00
             230.00,332.00 175.00,332.00 175.00,332.00
             175.00,332.00 158.00,333.00 158.00,333.00
             158.00,333.00 18.00,333.00 18.00,333.00
             14.39,332.99 9.39,333.30 6.74,330.35
             4.85,328.26 4.88,324.64 5.18,322.00
             5.76,317.01 10.16,302.91 13.63,299.51
             17.55,295.68 31.38,297.06 37.00,297.00
             51.44,296.82 57.75,287.00 66.42,277.00
             72.22,270.32 87.26,256.95 90.35,250.00
             92.63,244.88 91.94,236.68 92.00,231.00
             92.21,213.48 104.19,189.60 118.00,179.04
             126.60,172.47 139.52,168.09 146.32,159.91
             150.72,154.62 161.28,133.44 165.31,126.00
             165.31,126.00 178.14,103.00 178.14,103.00
             178.14,103.00 184.24,92.00 184.24,92.00
             184.24,92.00 193.78,79.00 193.78,79.00
             193.78,79.00 223.25,23.00 223.25,23.00
             226.79,15.92 231.14,5.62 241.00,7.80
             253.19,10.50 247.96,19.55 244.25,27.00
             244.25,27.00 238.75,38.00 238.75,38.00
             238.75,38.00 235.14,45.00 235.14,45.00
             235.14,45.00 217.74,78.00 217.74,78.00
             217.74,78.00 212.32,88.00 212.32,88.00
             212.32,88.00 206.69,103.00 206.69,103.00
             206.69,103.00 178.00,160.00 178.00,160.00
             178.00,160.00 188.00,162.04 188.00,162.04 Z
           M 182.02,188.15
           C 180.37,190.93 180.98,204.99 181.00,209.00
             181.02,213.43 181.27,220.60 188.00,218.38
             190.29,217.63 192.30,215.62 194.00,213.98
             198.00,210.14 206.55,201.09 205.47,195.00
             204.14,187.53 191.37,184.36 185.06,185.60
             183.55,186.52 183.06,186.39 182.02,188.15 Z
           M 204.00,236.00
           C 204.00,236.00 217.00,235.00 217.00,235.00
             221.41,234.59 227.32,233.50 229.26,228.90
             232.13,222.11 225.91,207.69 217.00,209.47
             211.89,210.49 203.80,218.91 200.68,223.00
             197.08,227.73 196.29,230.17 196.00,236.00
             196.00,236.00 204.00,236.00 204.00,236.00 Z
           M 202.02,249.39
           C 190.17,253.31 203.82,264.97 208.00,268.96
             211.01,271.83 216.49,277.00 221.00,276.38
             229.13,275.27 235.76,258.71 230.44,252.23
             226.29,247.17 214.01,247.72 208.00,248.29
             208.00,248.29 202.02,249.39 202.02,249.39 Z
           M 181.00,289.00
           C 181.06,293.70 181.48,300.25 186.11,302.82
             193.56,306.97 209.36,298.39 207.71,289.00
             206.80,283.79 198.85,276.71 195.00,273.04
             190.75,268.98 187.85,266.23 182.00,265.00
             180.89,273.40 180.90,280.56 181.00,289.00 Z
           M 145.67,282.00
           C 143.60,284.66 141.41,287.51 141.17,291.00
             140.57,299.92 155.65,305.97 162.98,304.57
             166.19,303.96 168.33,302.04 169.35,298.96
             169.97,297.09 169.97,294.95 170.00,293.00
             170.10,285.31 172.44,268.98 163.00,266.74
             155.94,268.52 150.01,276.41 145.67,282.00 Z" />
</svg>
