<map name='board' id='board'>
	<area shape='poly' name='tun' id= 'tun' coords='449,889, 433,897, 433,897, 430,906, 430,906, 420,919, 420,919, 425,935, 425,935, 423,964, 423,964, 500,963, 500,963, 494,944, 494,944, 481,926, 481,926, 481,918, 481,918, 492,910, 492,910, 492,903, 492,903, 467,889, 467,889, 449,889'/>
	<area shape='poly' name='sev' id= 'sev' coords='1151,765, 1137,766, 1137,766, 1132,770, 1132,770, 1124,764, 1124,764, 1112,769, 1112,769, 1105,765, 1105,765, 1100,756, 1100,756, 1094,757, 1094,757, 1083,748, 1083,748, 1080,742, 1080,742, 1069,729, 1069,729, 1065,714, 1065,714, 1042,708, 1042,708, 1013,691, 1013,691, 995,683, 995,683, 977,675, 977,675, 970,669, 970,669, 971,657, 971,657, 982,643, 982,643, 984,640, 984,640, 981,634, 981,634, 970,624, 970,624, 935,648, 935,648, 950,656, 950,656, 964,656, 964,656, 965,673, 965,673, 951,682, 951,682, 940,688, 940,688, 928,701, 928,701, 914,701,   907,684, 914,701,   907,684, 891,679, 891,679, 896,661, 896,661, 880,655, 880,655, 873,650, 873,650, 860,650, 860,650, 858,666, 858,666, 849,678, 849,678, 832,685, 832,685, 824,683, 824,683, 820,672, 820,672, 816,661, 816,661, 819,651, 819,651, 818,644, 818,644, 840,622, 840,622, 843,610, 843,610, 863,592, 863,592, 885,580, 885,580, 889,573, 889,573, 891,555, 891,555, 891,540, 891,540, 899,518, 899,518, 897,501, 897,501, 907,494, 907,494, 920,495, 920,495, 932,497, 932,497, 937,497, 937,497, 937,484, 937,484, 943,474, 943,474, 947,467, 947,467, 955,464, 955,464, 963,468, 963,468, 975,480, 975,480, 988,485, 988,485, 998,488, 998,488, 1011,483,   1030,484, 1011,483,   1030,484, 1038,498, 1038,498, 1040,511, 1040,511, 1057,523, 1057,523, 1064,523, 1064,523, 1072,538, 1072,538, 1074,552, 1074,552, 1090,558, 1090,558, 1112,570, 1112,570, 1131,577, 1131,577, 1145,592, 1145,592, 1151,591, 1151,591, 1151,765'/>
	<area shape='poly' name='spa-sc' id= 'spa-sc' coords='314,711, 291,740, 291,740, 255,770, 255,770, 222,798, 222,798, 180,809, 180,809, 154,800, 154,800, 136,786, 136,786, 116,802, 116,802, 108,812, 108,812, 126,822, 126,822, 136,840, 136,840, 147,846, 147,846, 186,842, 186,842, 212,856, 212,856, 254,837, 254,837, 275,812, 275,812, 271,799, 271,799, 291,771, 291,771, 317,756, 317,756, 333,758, 333,758, 356,751, 356,751, 354,732, 354,732, 320,715, 320,715, 314,711'/>
	<area shape='poly' name='ser' id= 'ser' coords='663,705, 674,708, 674,708, 683,705, 683,705, 696,704, 696,704, 701,709, 701,709, 713,710, 713,710, 723,723, 723,723, 714,731, 714,731, 716,739, 716,739, 721,744, 721,744, 727,752, 727,752, 726,755, 726,755, 718,754, 718,754, 716,757, 716,757, 723,772, 723,772, 730,785, 730,785, 726,788, 726,788, 720,790, 720,790, 715,794, 715,794, 723,801, 723,801, 715,804, 715,804, 703,808, 703,808, 693,810, 693,810, 684,805, 684,805, 680,797, 680,797, 680,790, 680,790, 679,780, 679,780, 676,773, 676,773, 674,770, 674,770, 660,751, 660,751, 652,742, 652,742, 659,729,   658,713, 659,729,   658,713, 663,705'/>
	<area shape='poly' name='vie' id= 'vie' coords='585,638, 603,658, 603,658, 618,649, 618,649, 635,632, 635,632, 644,627, 644,627, 658,606, 658,606, 667,602, 667,602, 666,596, 666,596, 664,595, 664,595, 656,590, 656,590, 642,589, 642,589, 636,594, 636,594, 627,589, 627,589, 615,590, 615,590, 609,591, 609,591, 607,587, 607,587, 590,598, 590,598, 586,608, 586,608, 586,610, 586,610, 585,628, 585,628, 585,638'/>
	<area shape='poly' name='lon' id= 'lon' coords='341,461, 363,459, 363,459, 375,450, 375,450, 386,456, 386,456, 393,469, 393,469, 390,483, 390,483, 380,489, 380,489, 373,493, 373,493, 381,501, 381,501, 378,508, 378,508, 354,512, 354,512, 334,503, 334,503, 327,482, 327,482, 337,472, 337,472, 341,461'/>
	<area shape='poly' name='pic' id= 'pic' coords='405,569, 406,574, 406,574, 415,555, 415,555, 395,539, 395,539, 388,533, 388,533, 373,526, 373,526, 350,535, 350,535, 341,544, 341,544, 337,543, 337,543, 334,558, 334,558, 337,562, 337,562, 352,563, 352,563, 371,555, 371,555, 375,556, 375,556, 384,563, 384,563, 405,569'/>
	<area shape='poly' name='alb' id= 'alb' coords='674,769, 667,770, 667,770, 660,764, 660,764, 653,777, 653,777, 650,781, 650,781, 657,784, 657,784, 643,791, 643,791, 644,803, 644,803, 658,799, 658,799, 656,823, 656,823, 673,844, 673,844, 684,830, 684,830, 693,810, 693,810, 684,805, 684,805, 680,795, 680,795, 680,787, 680,787, 679,780, 679,780, 679,772, 679,772, 674,769'/>
	<area shape='poly' name='nwy' id= 'nwy' coords='486,236, 485,255, 485,255, 491,262, 491,262, 484,270, 484,270, 483,280, 483,280, 482,291, 482,291, 479,304, 479,304, 478,312, 478,312, 481,315, 481,315, 480,323, 480,323, 473,328, 473,328, 476,337, 476,337, 484,342, 484,342, 491,349, 491,349, 499,353, 499,353, 504,353, 504,353, 506,350, 506,350, 513,349, 513,349, 524,341, 524,341, 535,331, 535,331, 541,331, 541,331, 549,322, 549,322, 554,328, 554,328, 555,333, 555,333, 557,335, 557,335, 563,336, 563,336, 565,334, 565,334, 566,329, 566,329, 567,316, 567,316, 572,307, 572,307, 577,287, 577,287, 577,280,   584,271, 577,280,   584,271, 581,258, 581,258, 578,251, 578,251, 581,235, 581,235, 583,213, 583,213, 589,207, 589,207, 599,205, 599,205, 604,202, 604,202, 605,194, 605,194, 614,179, 614,179, 618,162, 618,162, 628,152, 628,152, 633,139, 633,139, 636,137, 636,137, 635,128, 635,128, 641,118, 641,118, 642,106, 642,106, 648,104, 648,104, 652,105, 652,105, 656,94, 656,94, 672,95, 672,95, 679,84, 679,84, 680,74, 680,74, 686,73, 686,73, 698,84, 698,84, 716,85, 716,85, 723,81, 723,81, 727,73, 727,73, 727,63, 727,63, 735,60, 735,60, 748,59, 748,59, 750,61, 750,61, 755,71, 755,71, 756,79, 756,79, 757,83, 757,83, 763,73, 763,73, 771,65, 771,65, 773,60,   770,51, 773,60,   770,51, 765,54, 765,54, 771,34, 771,34, 754,29, 754,29, 745,25, 745,25, 720,33, 720,33, 710,30, 710,30, 686,32, 686,32, 673,55, 673,55, 661,64, 661,64, 646,63, 646,63, 623,88, 623,88, 612,127, 612,127, 593,138, 593,138, 593,158, 593,158, 549,202, 549,202, 486,236'/>
	<area shape='poly' name='ank' id= 'ank' coords='883,780, 886,789, 886,789, 891,806, 891,806, 894,825, 894,825, 892,846, 892,846, 901,850, 901,850, 913,841, 913,841, 930,830, 930,830, 940,828, 940,828, 949,833, 949,833, 962,831, 962,831, 972,827, 972,827, 992,809, 992,809, 1003,798, 1003,798, 1024,796, 1024,796, 1038,796, 1038,796, 1052,791, 1052,791, 1054,789, 1054,789, 1052,752, 1052,752, 1000,760, 1000,760, 956,748, 956,748, 923,752, 923,752, 901,763, 901,763, 889,778, 889,778, 883,780'/>
	<area shape='poly' name='pru' id= 'pru' coords='590,479, 593,471, 593,471, 599,459, 599,459, 627,449, 627,449, 640,446, 640,446, 652,446, 652,446, 659,452, 659,452, 662,456, 662,456, 671,453, 671,453, 664,447, 664,447, 678,431, 678,431, 684,427, 684,427, 685,420, 685,420, 687,417, 687,417, 693,420, 693,420, 703,439, 703,439, 716,442, 716,442, 718,457, 718,457, 714,475, 714,475, 709,482, 709,482, 685,489, 685,489, 669,487, 669,487, 653,492, 653,492, 646,508, 646,508, 631,521, 631,521, 593,513, 593,513, 590,479'/>
	<area shape='poly' name='nrg' id= 'nrg' coords='259,0, 716,-1, 716,-1, 710,31, 710,31, 687,32, 687,32, 674,55, 674,55, 661,63, 661,63, 645,64, 645,64, 625,88, 625,88, 617,115, 617,115, 613,127, 613,127, 594,139, 594,139, 594,157, 594,157, 576,179, 576,179, 550,202, 550,202, 516,219, 516,219, 486,236, 486,236, 485,255, 485,255, 421,260, 421,260, 399,269, 399,269, 367,296, 367,296, 343,285, 343,285, 358,209, 358,209, 363,192, 363,192, 259,0'/>
	<area shape='poly' name='spa' id= 'spa' coords='128,643, 132,682, 132,682, 150,678, 150,678, 155,690, 155,690, 171,690, 171,690, 181,703, 181,703, 167,713, 167,713, 151,743, 151,743, 142,743, 142,743, 137,751, 137,751, 141,766, 141,766, 135,772, 135,772, 137,786, 137,786, 109,812, 109,812, 130,822, 130,822, 135,838, 135,838, 147,848, 147,848, 185,844, 185,844, 209,855, 209,855, 250,841, 250,841, 277,814, 277,814, 272,799, 272,799, 293,770, 293,770, 316,758, 316,758, 336,760, 336,760, 356,752, 356,752, 356,733, 356,733, 323,716, 323,716, 313,711, 313,711, 306,715, 306,715, 274,697, 274,697, 272,680,   182,645, 272,680,   182,645, 177,629, 177,629, 128,643'/>
	<area shape='poly' name='bre' id= 'bre' coords='284,537, 260,537, 260,537, 255,554, 255,554, 260,565, 260,565, 287,590, 287,590, 293,615, 293,615, 330,621, 330,621, 335,600, 335,600, 329,582, 329,582, 338,541, 338,541, 325,539, 325,539, 317,523, 317,523, 310,524, 310,524, 311,527, 311,527, 311,555, 311,555, 289,545, 289,545, 284,537'/>
	<area shape='poly' name='arm' id= 'arm' coords='1053,751, 1054,789, 1054,789, 1048,793, 1048,793, 1051,796, 1051,796, 1046,803, 1046,803, 1049,811, 1049,811, 1055,814, 1055,814, 1060,819, 1060,819, 1063,829, 1063,829, 1064,832, 1064,832, 1088,831, 1088,831, 1102,830, 1102,830, 1112,833, 1112,833, 1118,831, 1118,831, 1135,830, 1135,830, 1149,832, 1149,832, 1151,832, 1151,832, 1150,765, 1150,765, 1140,766, 1140,766, 1131,769, 1131,769, 1123,764, 1123,764, 1114,767, 1114,767, 1112,768, 1112,768, 1109,767, 1109,767, 1105,765, 1105,765, 1102,758, 1102,758, 1100,756, 1100,756, 1093,757, 1093,757, 1091,750,   1088,747, 1091,750,   1088,747, 1081,744, 1081,744, 1075,736, 1075,736, 1068,728, 1068,728, 1053,751'/>
	<area shape='poly' name='rom' id= 'rom' coords='532,748, 507,769, 507,769, 518,780, 518,780, 515,796, 515,796, 537,798, 537,798, 548,810, 548,810, 566,789, 566,789, 551,776, 551,776, 541,768, 541,768, 540,754, 540,754, 532,748'/>
	<area shape='poly' name='swi' id= 'swi' coords='425,648, 449,620, 449,620, 481,622.5, 481,622.5, 488,637, 488,637, 498,653, 498,653, 475,661, 475,661, 460,651, 460,651, 441,656.5, 441,656.5, 440,644, 440,644, 425,648'/>
	<area shape='poly' name='gol' id= 'gol' coords='276,813, 271,799, 271,799, 294,770, 294,770, 316,760, 316,760, 334,760, 334,760, 357,751, 357,751, 354,734, 354,734, 362,719, 362,719, 379,714, 379,714, 394,722, 394,722, 409,734, 409,734, 419,735, 419,735, 436,725, 436,725, 462,711, 462,711, 475,713, 475,713, 468,725, 468,725, 487,737, 487,737, 468,744, 468,744, 460,774, 460,774, 462,787, 462,787, 450,811, 450,811, 364,802, 364,802, 341,806, 341,806, 326,801, 326,801, 305,814, 305,814, 276,813'/>
	<area shape='poly' name='par' id= 'par' coords='329,582, 334,564, 334,564, 336,561, 336,561, 352,564, 352,564, 369,556, 369,556, 375,557, 375,557, 383,561, 383,561, 399,563, 399,563, 405,569, 405,569, 405,572, 405,572, 403,584, 403,584, 400,589, 400,589, 384,598, 384,598, 363,609, 363,609, 362,632, 362,632, 352,640, 352,640, 329,624, 329,624, 335,600, 335,600, 329,582'/>
	<area shape='poly' name='wal' id= 'wal' coords='318,422, 317,438, 317,438, 324,451, 324,451, 337,454, 337,454, 341,462, 341,462, 338,472, 338,472, 327,482, 327,482, 333,505, 333,505, 324,505, 324,505, 296,498, 296,498, 289,504, 289,504, 278,497, 278,497, 267,505, 267,505, 256,497, 256,497, 275,479, 275,479, 296,471, 296,471, 283,464, 283,464, 280,451, 280,451, 292,448, 292,448, 295,430, 295,430, 318,422'/>
	<area shape='poly' name='naf' id= 'naf' coords='9,965, 424,963, 424,963, 426,935, 426,935, 420,920, 420,920, 427,907, 427,907, 430,897, 430,897, 450,891, 450,891, 407,880, 407,880, 383,885, 383,885, 359,873, 359,873, 322,876, 322,876, 283,867, 283,867, 257,878, 257,878, 230,877, 230,877, 220,890, 220,890, 202,883, 202,883, 196,878, 196,878, 164,876, 164,876, 154,859, 154,859, 144,855, 144,855, 123,860, 123,860, 102,889, 102,889, 53,894, 53,894, 31,910, 31,910, 12,938, 12,938, 9,965'/>
	<area shape='poly' name='smy' id= 'smy' coords='810,841, 798,844, 798,844, 808,857, 808,857, 795,859, 795,859, 796,874, 796,874, 806,879, 806,879, 822,888, 822,888, 824,897, 824,897, 823,911, 823,911, 843,913, 843,913, 857,910, 857,910, 870,922, 870,922, 889,921, 889,921, 894,906, 894,906, 941,921, 941,921, 966,909, 966,909, 974,894, 974,894, 984,901, 984,901, 1005,880, 1005,880, 1014,856, 1014,856, 1025,847, 1025,847, 1036,842, 1036,842, 1058,834, 1058,834, 1063,828, 1063,828, 1062,820, 1062,820, 1054,812, 1054,812, 1048,805, 1048,805, 1045,801, 1045,801, 1052,793, 1052,793, 1042,793, 1042,793, 1036,797,   1021,797, 1036,797,   1021,797, 1015,798, 1015,798, 1004,799, 1004,799, 992,810, 992,810, 964,831, 964,831, 960,834, 960,834, 948,833, 948,833, 940,829, 940,829, 934,830, 934,830, 927,831, 927,831, 918,837, 918,837, 912,843, 912,843, 900,849, 900,849, 893,846, 893,846, 885,846, 885,846, 880,846, 880,846, 873,847, 873,847, 868,848, 868,848, 854,847, 854,847, 850,850, 850,850, 847,852, 847,852, 834,850, 834,850, 831,846, 831,846, 825,842, 825,842, 818,843, 818,843, 810,841'/>
	<area shape='poly' name='eng' id= 'eng' coords='377,505, 384,507, 384,507, 375,527, 375,527, 349,534, 349,534, 343,543, 343,543, 324,539, 324,539, 318,524, 318,524, 309,526, 309,526, 311,538, 311,538, 311,556, 311,556, 289,545, 289,545, 284,536, 284,536, 259,537, 259,537, 256,547, 256,547, 257,555, 257,555, 235,540, 235,540, 223,512, 223,512, 237,501, 237,501, 258,496, 258,496, 265,507, 265,507, 276,498, 276,498, 289,505, 289,505, 295,499, 295,499, 335,503, 335,503, 353,510, 353,510, 377,505'/>
	<area shape='poly' name='hol' id= 'hol' coords='408,507, 420,503, 420,503, 430,503, 430,503, 431,498, 431,498, 424,494, 424,494, 429,484, 429,484, 413,481, 413,481, 418,467, 418,467, 434,470, 434,470, 451,459, 451,459, 469,458, 469,458, 474,469, 474,469, 472,485, 472,485, 467,502, 467,502, 455,507, 455,507, 451,519, 451,519, 443,537, 443,537, 437,534, 437,534, 434,519, 434,519, 410,512, 410,512, 408,507'/>
	<area shape='poly' name='stp-nc' id= 'stp-nc' coords='753,93, 767,114, 767,114, 764,134, 764,134, 780,176, 780,176, 785,197, 785,197, 800,222, 800,222, 801,237, 801,237, 841,258, 841,258, 884,228, 884,228, 969,200, 969,200, 1028,182, 1028,182, 1037,143, 1037,143, 1037,126, 1037,126, 981,97, 981,97, 968,99, 968,99, 947,81, 947,81, 940,52, 940,52, 936,64, 936,64, 918,43, 918,43, 884,46, 884,46, 881,54, 881,54, 903,100, 903,100, 877,138, 877,138, 892,159, 892,159, 849,150, 849,150, 844,164, 844,164, 858,183, 858,183, 836,174, 836,174, 832,147, 832,147, 815,136, 815,136, 865,138, 865,138, 885,112,   883,86, 885,112,   883,86, 855,71, 855,71, 831,65, 831,65, 811,54, 811,54, 792,68, 792,68, 787,43, 787,43, 772,51, 772,51, 773,66, 773,66, 756,81, 756,81, 753,93'/>
	<area shape='poly' name='swe' id= 'swe' coords='555,333, 549,340, 549,340, 551,352, 551,352, 558,357, 558,357, 558,364, 558,364, 560,374, 560,374, 563,387, 563,387, 565,399, 565,399, 564,406, 564,406, 569,415, 569,415, 569,420, 569,420, 566,422, 566,422, 566,429, 566,429, 576,436, 576,436, 587,437, 587,437, 590,429, 590,429, 592,421, 592,421, 596,417, 596,417, 611,417, 611,417, 621,411, 621,411, 629,374, 629,374, 627,362, 627,362, 631,356, 631,356, 633,349, 633,349, 637,344, 637,344, 642,344, 642,344, 651,338, 651,338, 658,320, 658,320, 658,304, 658,304, 650,294, 650,294, 641,289, 641,289, 648,266,   644,247, 648,266,   644,247, 657,237, 657,237, 669,227, 669,227, 691,196, 691,196, 690,178, 690,178, 700,166, 700,166, 712,167, 712,167, 712,139, 712,139, 709,118, 709,118, 703,105, 703,105, 692,96, 692,96, 679,85, 679,85, 672,96, 672,96, 658,95, 658,95, 653,105, 653,105, 641,106, 641,106, 640,117, 640,117, 636,128, 636,128, 634,140, 634,140, 627,153, 627,153, 618,161, 618,161, 617,167, 617,167, 613,181, 613,181, 605,194, 605,194, 604,201, 604,201, 599,205, 599,205, 590,207, 590,207, 583,213, 583,213, 581,235, 581,235, 578,251, 578,251, 580,261, 580,261, 583,272, 583,272, 576,282, 576,282, 577,287, 577,287, 572,306, 572,306, 567,316, 567,316, 566,328,   564,338, 566,328,   564,338, 557,336, 557,336, 555,333'/>
	<area shape='poly' name='ukr' id= 'ukr' coords='753,530, 752,546, 752,546, 751,550, 751,550, 749,564, 749,564, 752,569, 752,569, 758,573, 758,573, 762,577, 762,577, 774,580, 774,580, 775,587, 775,587, 779,597, 779,597, 781,604, 781,604, 783,614, 783,614, 792,613, 792,613, 799,616, 799,616, 801,622, 801,622, 804,628, 804,628, 808,635, 808,635, 816,645, 816,645, 818,645, 818,645, 826,637, 826,637, 840,622, 840,622, 842,612, 842,612, 849,603, 849,603, 857,596, 857,596, 877,585, 877,585, 884,581, 884,581, 888,574, 888,574, 890,547, 890,547, 891,538, 891,538, 899,516, 899,516, 898,499, 898,499, 888,500,   883,497, 888,500,   883,497, 870,498, 870,498, 845,504, 845,504, 843,505, 843,505, 833,504, 833,504, 819,511, 819,511, 807,512, 807,512, 785,519, 785,519, 780,518, 780,518, 753,530'/>
	<area shape='poly' name='edi' id= 'edi' coords='368,295, 366,306, 366,306, 358,316, 358,316, 376,325, 376,325, 376,341, 376,341, 358,355, 358,355, 363,388, 363,388, 349,388, 349,388, 339,380, 339,380, 327,359, 327,359, 336,313, 336,313, 358,293, 358,293, 368,295'/>
	<area shape='poly' name='wes' id= 'wes' coords='145,854, 154,860, 154,860, 160,875, 160,875, 184,879, 184,879, 196,877, 196,877, 209,887, 209,887, 223,888, 223,888, 234,877, 234,877, 261,878, 261,878, 282,867, 282,867, 332,876, 332,876, 361,875, 361,875, 383,884, 383,884, 408,880, 408,880, 441,892, 441,892, 450,889, 450,889, 450,811, 450,811, 364,802, 364,802, 343,805, 343,805, 325,802, 325,802, 305,814, 305,814, 277,814, 277,814, 261,829, 261,829, 249,841, 249,841, 222,853, 222,853, 207,855, 207,855, 187,844, 187,844, 147,848, 147,848, 145,854'/>
	<area shape='poly' name='bur' id= 'bur' coords='364,607, 362,610, 362,610, 362,623, 362,623, 362,633, 362,633, 351,639, 351,639, 351,644, 351,644, 355,646, 355,646, 366,652, 366,652, 365,662, 365,662, 370,677, 370,677, 384,678, 384,678, 394,672, 394,672, 394,650, 394,650, 399,648, 399,648, 408,647, 408,647, 420,653, 420,653, 433,637, 433,637, 451,614, 451,614, 454,601, 454,601, 446,592, 446,592, 438,581, 438,581, 439,566, 439,566, 415,554, 415,554, 408,570, 408,570, 403,585, 403,585, 396,591, 396,591, 380,600, 380,600, 364,607'/>
	<area shape='poly' name='nap' id= 'nap' coords='550,807, 564,817, 564,817, 541,822, 541,822, 544,839, 544,839, 575,832, 575,832, 588,850, 588,850, 583,879, 583,879, 593,892, 593,892, 618,863, 618,863, 622,848, 622,848, 607,838, 607,838, 610,833, 610,833, 590,826, 590,826, 587,809, 587,809, 567,789, 567,789, 550,807'/>
	<area shape='poly' name='gre' id= 'gre' coords='692,809, 683,831, 683,831, 670,845, 670,845, 694,875, 694,875, 688,885, 688,885, 705,917, 705,917, 725,930, 725,930, 736,919, 736,919, 742,910, 742,910, 738,902, 738,902, 746,889, 746,889, 750,890, 750,890, 765,883, 765,883, 768,872, 768,872, 743,852, 743,852, 733,833, 733,833, 751,834, 751,834, 765,817, 765,817, 765,804, 765,804, 758,792, 758,792, 744,792, 744,792, 737,799, 737,799, 725,800, 725,800, 708,806, 708,806, 692,809'/>
	<area shape='poly' name='ska' id= 'ska' coords='493,377, 503,382, 503,382, 509,372, 509,372, 526,370, 526,370, 530,370, 530,370, 540,361, 540,361, 543,361, 543,361, 544,373, 544,373, 536,388, 536,388, 544,391, 544,391, 544,400, 544,400, 564,406, 564,406, 566,397, 566,397, 558,363, 558,363, 557,356, 557,356, 550,351, 550,351, 549,341, 549,341, 555,332, 555,332, 552,324, 552,324, 549,323, 549,323, 541,331, 541,331, 534,331, 534,331, 513,349, 513,349, 507,350, 507,350, 502,353, 502,353, 496,351, 496,351, 490,348, 490,348, 485,356, 485,356, 485,365, 485,365, 488,373, 488,373, 493,377'/>
	<area shape='poly' name='tyr' id= 'tyr' coords='568,604, 588,608, 588,608, 583,623, 583,623, 585,639, 585,639, 583,646, 583,646, 559,652, 559,652, 557,651, 557,651, 555,659, 555,659, 536,657, 536,657, 514,680, 514,680, 500,676, 500,676, 500,668, 500,668, 504,656, 504,656, 500,658, 500,658, 505,649, 505,649, 502,644, 502,644, 493,636, 493,636, 482,621, 482,621, 480,611, 480,611, 488,608, 488,608, 500,625, 500,625, 534,625, 534,625, 549,629, 549,629, 549,615, 549,615, 568,604'/>
	<area shape='poly' name='nat' id= 'nat' coords='-1,0, 259,0, 259,0, 362,191, 362,191, 344,286, 344,286, 324,278, 324,278, 306,287, 306,287, 296,307, 296,307, 295,321, 295,321, 304,335, 304,335, 310,332, 310,332, 309,391, 309,391, 330,389, 330,389, 325,401, 325,401, 298,393, 298,393, 300,364, 300,364, 286,361, 286,361, 286,354, 286,354, 286,353, 286,353, 251,356, 251,356, 230,364, 230,364, 219,381, 219,381, 220,398, 220,398, 217,409, 217,409, 202,414, 202,414, 202,435, 202,435, 190,444, 190,444, 180,482, 180,482, -3,468, -3,468, -1,0'/>
	<area shape='poly' name='hel' id= 'hel' coords='496,412, 475,407, 475,407, 457,408, 457,408, 441,411, 441,411, 435,414, 435,414, 429,421, 429,421, 426,429, 426,429, 428,443, 428,443, 432,460, 432,460, 435,469, 435,469, 451,459, 451,459, 468,457, 468,457, 473,467, 473,467, 476,457, 476,457, 485,456, 485,456, 492,463, 492,463, 502,453, 502,453, 499,446, 499,446, 500,428, 500,428, 502,420, 502,420, 496,412'/>
	<area shape='poly' name='mun' id= 'mun' coords='448,592, 459,588, 459,588, 473,563, 473,563, 499,553, 499,553, 503,556, 503,556, 515,541, 515,541, 538,531, 538,531, 550,527, 550,527, 558,558, 558,558, 550,560, 550,560, 541,558, 541,558, 535,560, 535,560, 535,569, 535,569, 539,577, 539,577, 544,584, 544,584, 549,590, 549,590, 557,594, 557,594, 568,603, 568,603, 565,607, 565,607, 557,610, 557,610, 551,617, 551,617, 550,625, 550,625, 549,629, 549,629, 535,623, 535,623, 529,626, 529,626, 510,626, 510,626, 503,626, 503,626, 497,622, 497,622, 493,615, 493,615, 487,609, 487,609, 482,611, 482,611, 482,621,   462,618, 482,621,   462,618, 451,617, 451,617, 454,600, 454,600, 448,592'/>
	<area shape='poly' name='fin' id= 'fin' coords='686,73, 681,74, 681,74, 678,82, 678,82, 679,88, 679,88, 697,100, 697,100, 704,106, 704,106, 709,119, 709,119, 710,133, 710,133, 711,168, 711,168, 725,174, 725,174, 726,185, 726,185, 705,209, 705,209, 688,226, 688,226, 680,247, 680,247, 684,273, 684,273, 685,299, 685,299, 703,311, 703,311, 704,323, 704,323, 707,323, 707,323, 715,316, 715,316, 744,307, 744,307, 774,299, 774,299, 788,273, 788,273, 797,265, 797,265, 801,245, 801,245, 800,232, 800,232, 798,215, 798,215, 794,205, 794,205, 785,196, 785,196, 782,190, 782,190, 776,162, 776,162, 766,137,   768,115, 766,137,   768,115, 766,110, 766,110, 761,103, 761,103, 754,92, 754,92, 758,82, 758,82, 755,72, 755,72, 751,60, 751,60, 749,59, 749,59, 739,59, 739,59, 729,61, 729,61, 727,64, 727,64, 726,73, 726,73, 726,80, 726,80, 718,83, 718,83, 704,85, 704,85, 697,82, 697,82, 691,76, 691,76, 686,73'/>
	<area shape='poly' name='war' id= 'war' coords='715,474, 707,484, 707,484, 683,491, 683,491, 672,486, 672,486, 653,492, 653,492, 645,508, 645,508, 632,520, 632,520, 643,553, 643,553, 664,566, 664,566, 666,565, 666,565, 674,570, 674,570, 696,559, 696,559, 698,550, 698,550, 703,551, 703,551, 718,564, 718,564, 727,567, 727,567, 738,555, 738,555, 746,563, 746,563, 748,565, 748,565, 755,529, 755,529, 750,523, 750,523, 749,514, 749,514, 741,494, 741,494, 724,483, 724,483, 715,474'/>
	<area shape='poly' name='sil' id= 'sil' coords='550,527, 560,558, 560,558, 574,551, 574,551, 578,546, 578,546, 584,545, 584,545, 587,546, 587,546, 593,543, 593,543, 604,549, 604,549, 609,553, 609,553, 612,559, 612,559, 613,563, 613,563, 622,570, 622,570, 634,568, 634,568, 641,577, 641,577, 648,576, 648,576, 661,565, 661,565, 644,551, 644,551, 633,520, 633,520, 594,512, 594,512, 588,522, 588,522, 568,523, 568,523, 564,527, 564,527, 550,527'/>
	<area shape='poly' name='stp-sc' id= 'stp-sc' coords='802,237, 842,259, 842,259, 849,317, 849,317, 842,356, 842,356, 828,379, 828,379, 811,386, 811,386, 790,386, 790,386, 786,369, 786,369, 769,345, 769,345, 746,341, 746,341, 728,340, 728,340, 719,328, 719,328, 737,318, 737,318, 751,316, 751,316, 763,319, 763,319, 769,321, 769,321, 782,310, 782,310, 787,302, 787,302, 772,299, 772,299, 780,285, 780,285, 787,271, 787,271, 795,264, 795,264, 802,237'/>
	<area shape='poly' name='eme' id= 'eme' coords='853,908, 846,913, 846,913, 806,950, 806,950, 749,947, 749,947, 751,965, 751,965, 1005,964, 1005,964, 1001,936, 1001,936, 993,907, 993,907, 995,891, 995,891, 985,900, 985,900, 974,893, 974,893, 965,909, 965,909, 938,919, 938,919, 914,913, 914,913, 893,908, 893,908, 888,922, 888,922, 869,922, 869,922, 853,908'/>
	<area shape='poly' name='ruh' id= 'ruh' coords='447,588, 451,594, 451,594, 464,579, 464,579, 474,563, 474,563, 503,552, 503,552, 498,541, 498,541, 486,532, 486,532, 475,521, 475,521, 467,501, 467,501, 454,508, 454,508, 451,520, 451,520, 442,536, 442,536, 447,555, 447,555, 437,567, 437,567, 438,579, 438,579, 447,588'/>
	<area shape='poly' name='mar' id= 'mar' coords='323,717, 357,734, 357,734, 361,719, 361,719, 378,713, 378,713, 415,736, 415,736, 449,718, 449,718, 436,703, 436,703, 433,691, 433,691, 428,684, 428,684, 441,677, 441,677, 433,664, 433,664, 443,661, 443,661, 441,650, 441,650, 422,654, 422,654, 394,646, 394,646, 391,651, 391,651, 391,673, 391,673, 388,678, 388,678, 370,677, 370,677, 362,685, 362,685, 352,682, 352,682, 347,683, 347,683, 323,717'/>
	<area shape='poly' name='aeg' id= 'aeg' coords='737,920, 742,911, 742,911, 738,902, 738,902, 746,890, 746,890, 750,891, 750,891, 763,883, 763,883, 768,874, 768,874, 742,852, 742,852, 731,830, 731,830, 749,834, 749,834, 764,818, 764,818, 773,814, 773,814, 781,811, 781,811, 803,815, 803,815, 790,831, 790,831, 793,841, 793,841, 798,841, 798,841, 807,858, 807,858, 795,857, 795,857, 795,869, 795,869, 801,877, 801,877, 811,880, 811,880, 823,894, 823,894, 821,911, 821,911, 844,913, 844,913, 833,926, 833,926, 806,949, 806,949, 752,947, 752,947, 737,920'/>
	<area shape='poly' name='rum' id= 'rum' coords='782,613, 791,613, 791,613, 802,621, 802,621, 804,626, 804,626, 806,635, 806,635, 817,642, 817,642, 820,652, 820,652, 815,660, 815,660, 817,663, 817,663, 819,669, 819,669, 823,680, 823,680, 826,684, 826,684, 833,683, 833,683, 849,678, 849,678, 853,686, 853,686, 846,696, 846,696, 834,706, 834,706, 835,728, 835,728, 830,735, 830,735, 825,729, 825,729, 820,724, 820,724, 804,725, 804,725, 795,721, 795,721, 781,730, 781,730, 774,736, 774,736, 745,732, 745,732, 738,726, 738,726, 734,726, 734,726, 730,732, 730,732, 726,730, 726,730, 722,723, 722,723, 714,711,   724,691, 714,711,   724,691, 735,686, 735,686, 744,686, 744,686, 759,685, 759,685, 775,688, 775,688, 786,677, 786,677, 786,663, 786,663, 782,662, 782,662, 780,655, 780,655, 769,651, 769,651, 770,640, 770,640, 778,629, 778,629, 782,613'/>
	<area shape='poly' name='mos' id= 'mos' coords='1076,253, 1078,269, 1078,269, 1086,287, 1086,287, 1091,315, 1091,315, 1079,344, 1079,344, 1077,357, 1077,357, 1079,370, 1079,370, 1074,383, 1074,383, 1064,386, 1064,386, 1050,415, 1050,415, 1048,441, 1048,441, 1053,456, 1053,456, 1040,470, 1040,470, 1029,485, 1029,485, 1009,483, 1009,483, 998,489, 998,489, 994,488, 994,488, 989,487, 989,487, 975,480, 975,480, 968,474, 968,474, 955,464, 955,464, 948,468, 948,468, 937,485, 937,485, 938,498, 938,498, 911,494, 911,494, 896,502, 896,502, 880,497, 880,497, 841,505, 841,505, 825,507, 825,507, 818,512,   787,518, 818,512,   787,518, 754,530, 754,530, 749,523, 749,523, 748,511, 748,511, 741,495, 741,495, 753,488, 753,488, 767,471, 767,471, 772,471, 772,471, 782,466, 782,466, 781,453, 781,453, 785,417, 785,417, 783,411, 783,411, 792,385, 792,385, 816,385, 816,385, 827,379, 827,379, 837,368, 837,368, 846,350, 846,350, 854,349, 854,349, 865,353, 865,353, 871,356, 871,356, 875,353, 875,353, 880,345, 880,345, 885,318, 885,318, 904,301, 904,301, 915,301, 915,301, 942,302, 942,302, 968,282, 968,282, 973,278, 973,278, 989,276, 989,276, 999,270, 999,270, 1019,270, 1019,270, 1036,264, 1036,264, 1042,257, 1042,257, 1052,256, 1052,256, 1076,253'/>
	<area shape='poly' name='por' id= 'por' coords='133,682, 128,671, 128,671, 116,714, 116,714, 92,737, 92,737, 92,763, 92,763, 95,772, 95,772, 80,802, 80,802, 87,811, 87,811, 108,811, 108,811, 138,785, 138,785, 134,773, 134,773, 141,764, 141,764, 141,744, 141,744, 153,742, 153,742, 166,712, 166,712, 182,703, 182,703, 172,688, 172,688, 156,691, 156,691, 150,678, 150,678, 133,682'/>
	<area shape='poly' name='tus' id= 'tus' coords='474,714, 468,726, 468,726, 488,739, 488,739, 500,769, 500,769, 509,768, 509,768, 527,750, 527,750, 535,748, 535,748, 537,741, 537,741, 526,726, 526,726, 517,721, 517,721, 490,707, 490,707, 485,714, 485,714, 474,714'/>
	<area shape='poly' name='gas' id= 'gas' coords='321,716, 315,710, 315,710, 306,716, 306,716, 276,698, 276,698, 270,683, 270,683, 270,679, 270,679, 298,617, 298,617, 331,623, 331,623, 348,637, 348,637, 356,646, 356,646, 366,653, 366,653, 364,662, 364,662, 371,677, 371,677, 362,686, 362,686, 353,682, 353,682, 347,682, 347,682, 321,716'/>
	<area shape='poly' name='cly' id= 'cly' coords='358,292, 336,311, 336,311, 329,361, 329,361, 335,379, 335,379, 332,387, 332,387, 330,390, 330,390, 309,389, 309,389, 309,361, 309,361, 310,332, 310,332, 295,320, 295,320, 298,303, 298,303, 305,289, 305,289, 324,278, 324,278, 358,292'/>
	<area shape='poly' name='pie' id= 'pie' coords='475,713, 462,710, 462,710, 448,721, 448,721, 436,704, 436,704, 437,691, 437,691, 431,687, 431,687, 429,684, 429,684, 441,677, 441,677, 436,663, 436,663, 441,660, 441,660, 455,660, 455,660, 462,653, 462,653, 476,667, 476,667, 494,656, 494,656, 505,659, 505,659, 501,678, 501,678, 490,686, 490,686, 486,700, 486,700, 490,706, 490,706, 490,707, 490,707, 487,714, 487,714, 475,713'/>
	<area shape='poly' name='syr' id= 'syr' coords='1064,831, 1045,839, 1045,839, 1014,853, 1014,853, 1004,880, 1004,880, 995,891, 995,891, 992,906, 992,906, 1005,954, 1005,954, 1005,965, 1005,965, 1151,963, 1151,963, 1149,832, 1149,832, 1122,831, 1122,831, 1111,834, 1111,834, 1099,830, 1099,830, 1064,831'/>
	<area shape='poly' name='gal' id= 'gal' coords='662,564, 649,575, 649,575, 639,576, 639,576, 642,591, 642,591, 653,591, 653,591, 667,599, 667,599, 683,592, 683,592, 687,594, 687,594, 700,590, 700,590, 707,599, 707,599, 725,599, 725,599, 735,607, 735,607, 737,611, 737,611, 746,617, 746,617, 754,625, 754,625, 770,640, 770,640, 781,630, 781,630, 784,614, 784,614, 772,579, 772,579, 762,575, 762,575, 751,565, 751,565, 743,562, 743,562, 740,556, 740,556, 738,555, 738,555, 731,558, 731,558, 720,566, 720,566, 700,551, 700,551, 695,559, 695,559, 688,564, 688,564, 681,566, 681,566, 678,569, 678,569, 662,564'/>
	<area shape='poly' name='bul' id= 'bul' coords='736,727, 731,732, 731,732, 724,730, 724,730, 722,722, 722,722, 715,732, 715,732, 718,742, 718,742, 727,751, 727,751, 727,756, 727,756, 719,755, 719,755, 715,757, 715,757, 716,765, 716,765, 726,778, 726,778, 727,785, 727,785, 723,788, 723,788, 719,793, 719,793, 718,797, 718,797, 724,800, 724,800, 737,800, 737,800, 743,792, 743,792, 754,791, 754,791, 757,791, 757,791, 765,800, 765,800, 766,813, 766,813, 766,819, 766,819, 783,809, 783,809, 789,812, 789,812, 795,799, 795,799, 798,790, 798,790, 792,782, 792,782, 808,774, 808,774, 816,773, 816,773, 823,773,   830,772, 823,773,   830,772, 821,762, 821,762, 822,747, 822,747, 830,735, 830,735, 821,723, 821,723, 810,725, 810,725, 799,724, 799,724, 795,720, 795,720, 784,729, 784,729, 772,734, 772,734, 760,734, 760,734, 755,733, 755,733, 746,732, 746,732, 736,727'/>
	<area shape='poly' name='ven' id= 'ven' coords='501,674, 513,675, 513,675, 515,678, 515,678, 522,673, 522,673, 527,666, 527,666, 532,658, 532,658, 535,656, 535,656, 544,657, 544,657, 557,658, 557,658, 558,679, 558,679, 551,698, 551,698, 546,685, 546,685, 537,687, 537,687, 537,699, 537,699, 555,705, 555,705, 552,717, 552,717, 538,716, 538,716, 556,728, 556,728, 564,758, 564,758, 564,763, 564,763, 550,774, 550,774, 542,769, 542,769, 541,755, 541,755, 532,748, 532,748, 537,741, 537,741, 515,719, 515,719, 490,708, 490,708, 486,700, 486,700, 490,686, 490,686, 501,674'/>
	<area shape='poly' name='mao' id= 'mao' coords='147,846, 145,854, 145,854, 126,860, 126,860, 103,888, 103,888, 60,893, 60,893, 34,909, 34,909, 12,941, 12,941, 11,963, 11,963, -1,963, -1,963, -1,468, -1,468, 180,481, 180,481, 208,494, 208,494, 223,513, 223,513, 237,543, 237,543, 257,557, 257,557, 264,568, 264,568, 286,589, 286,589, 293,617, 293,617, 291,635, 291,635, 273,680, 273,680, 250,675, 250,675, 205,654, 205,654, 183,647, 183,647, 177,633, 177,633, 159,634, 159,634, 144,639, 144,639, 128,642, 128,642, 128,654, 128,654, 131,666, 131,666, 124,692, 124,692, 115,716, 115,716, 105,726, 105,726, 91,738,   91,750, 91,738,   91,750, 94,765, 94,765, 98,768, 98,768, 86,792, 86,792, 80,802, 80,802, 87,807, 87,807, 94,806, 94,806, 109,812, 109,812, 125,818, 125,818, 128,821, 128,821, 131,831, 131,831, 136,840, 136,840, 147,846'/>
	<area shape='poly' name='adr' id= 'adr' coords='657,819, 658,801, 658,801, 644,802, 644,802, 643,792, 643,792, 657,784, 657,784, 634,767, 634,767, 624,768, 624,768, 601,748, 601,748, 573,692, 573,692, 568,692, 568,692, 564,707, 564,707, 553,699, 553,699, 547,685, 547,685, 537,687, 537,687, 537,700, 537,700, 556,705, 556,705, 552,717, 552,717, 537,715, 537,715, 555,729, 555,729, 564,756, 564,756, 578,771, 578,771, 596,774, 596,774, 600,781, 600,781, 600,790, 600,790, 615,801, 615,801, 632,808, 632,808, 642,829, 642,829, 657,819'/>
	<area shape='poly' name='apu' id= 'apu' coords='564,757, 579,771, 579,771, 597,775, 597,775, 602,793, 602,793, 635,810, 635,810, 640,827, 640,827, 636,840, 636,840, 617,822, 617,822, 609,834, 609,834, 601,832, 601,832, 587,823, 587,823, 586,807, 586,807, 564,788, 564,788, 549,775, 549,775, 564,757'/>
	<area shape='poly' name='bul-ec' id= 'bul-ec' coords='820,724, 830,734, 830,734, 823,742, 823,742, 821,754, 821,754, 822,763, 822,763, 831,772, 831,772, 818,774, 818,774, 810,773, 810,773, 787,770, 787,770, 787,741, 787,741, 783,727, 783,727, 796,721, 796,721, 803,722, 803,722, 820,724'/>
	<area shape='poly' name='bud' id= 'bud' coords='616,651, 619,672, 619,672, 631,681, 631,681, 644,685, 644,685, 646,695, 646,695, 661,709, 661,709, 664,705, 664,705, 668,706, 668,706, 697,705, 697,705, 702,710, 702,710, 708,714, 708,714, 716,709, 716,709, 722,698, 722,698, 730,688, 730,688, 743,686, 743,686, 751,688, 751,688, 762,685, 762,685, 776,688, 776,688, 787,679, 787,679, 787,663, 787,663, 783,662, 783,662, 782,654, 782,654, 769,649, 769,649, 770,639, 770,639, 757,628, 757,628, 750,622, 750,622, 745,614, 745,614, 736,609, 736,609, 726,600, 726,600, 707,597, 707,597, 703,592, 703,592, 685,593,   673,595, 685,593,   673,595, 668,598, 668,598, 667,603, 667,603, 656,606, 656,606, 642,629, 642,629, 633,633, 633,633, 616,651'/>
	<area shape='poly' name='tys' id= 'tys' coords='450,889, 467,889, 467,889, 482,896, 482,896, 492,901, 492,901, 517,887, 517,887, 582,879, 582,879, 588,851, 588,851, 576,832, 576,832, 543,839, 543,839, 540,823, 540,823, 564,817, 564,817, 535,797, 535,797, 515,795, 515,795, 514,780, 514,780, 520,779, 520,779, 511,769, 511,769, 500,767, 500,767, 494,750, 494,750, 486,737, 486,737, 467,746, 467,746, 456,773, 456,773, 462,789, 462,789, 449,811, 449,811, 450,889'/>
	<area shape='poly' name='tri' id= 'tri' coords='555,658, 558,683, 558,683, 551,696, 551,696, 565,708, 565,708, 568,692, 568,692, 571,692, 571,692, 599,747, 599,747, 626,772, 626,772, 633,767, 633,767, 651,780, 651,780, 655,777, 655,777, 659,764, 659,764, 668,771, 668,771, 675,770, 675,770, 672,764, 672,764, 668,762, 668,762, 652,742, 652,742, 657,731, 657,731, 662,726, 662,726, 659,706, 659,706, 645,694, 645,694, 637,679, 637,679, 619,671, 619,671, 617,649, 617,649, 602,657, 602,657, 586,639, 586,639, 581,646, 581,646, 555,652, 555,652, 555,658'/>
	<area shape='poly' name='bar' id= 'bar' coords='716,0, 997,0, 997,0, 980,28, 980,28, 978,6, 978,6, 963,5, 963,5, 935,68, 935,68, 917,45, 917,45, 884,48, 884,48, 907,101, 907,101, 893,109, 893,109, 877,140, 877,140, 896,162, 896,162, 875,161, 875,161, 848,151, 848,151, 849,168, 849,168, 862,183, 862,183, 860,187, 860,187, 837,174, 837,174, 831,148, 831,148, 813,133, 813,133, 867,138, 867,138, 885,111, 885,111, 883,85, 883,85, 876,78, 876,78, 861,74, 861,74, 829,64, 829,64, 816,56, 816,56, 801,59, 801,59, 792,70, 792,70, 789,60, 789,60, 787,45, 787,45, 779,45, 779,45, 770,51, 770,51, 765,54,   771,34, 765,54,   771,34, 752,28, 752,28, 744,24, 744,24, 730,30, 730,30, 720,33, 720,33, 709,30, 709,30, 716,0'/>
	<area shape='poly' name='lvp' id= 'lvp' coords='337,379, 350,390, 350,390, 343,428, 343,428, 341,453, 341,453, 323,450, 323,450, 316,436, 316,436, 319,422, 319,422, 331,389, 331,389, 337,379'/>
	<area shape='poly' name='bel' id= 'bel' coords='383,510, 409,503, 409,503, 413,512, 413,512, 434,520, 434,520, 438,534, 438,534, 443,536, 443,536, 444,545, 444,545, 446,552, 446,552, 442,563, 442,563, 439,568, 439,568, 414,555, 414,555, 394,538, 394,538, 386,533, 386,533, 373,526, 373,526, 383,510'/>
	<area shape='poly' name='nth' id= 'nth' coords='490,263, 484,269, 484,269, 482,285, 482,285, 477,312, 477,312, 481,316, 481,316, 479,323, 479,323, 472,328, 472,328, 476,338, 476,338, 490,348, 490,348, 486,356, 486,356, 485,363, 485,363, 487,369, 487,369, 488,374, 488,374, 502,382, 502,382, 497,396, 497,396, 495,412, 495,412, 482,409, 482,409, 462,408, 462,408, 440,411, 440,411, 430,418, 430,418, 426,429, 426,429, 426,437, 426,437, 431,457, 431,457, 435,469, 435,469, 434,471, 434,471, 418,466, 418,466, 413,482, 413,482, 428,485, 428,485, 424,493, 424,493, 423,496, 423,496, 431,498, 431,498, 430,503,   415,502, 430,503,   415,502, 410,506, 410,506, 408,502, 408,502, 383,510, 383,510, 380,505, 380,505, 382,500, 382,500, 374,493, 374,493, 390,482, 390,482, 392,469, 392,469, 385,455, 385,455, 372,450, 372,450, 378,431, 378,431, 362,385, 362,385, 359,355, 359,355, 376,341, 376,341, 376,326, 376,326, 358,317, 358,317, 360,313, 360,313, 364,309, 364,309, 366,307, 366,307, 367,296, 367,296, 399,270, 399,270, 420,260, 420,260, 478,256, 478,256, 486,254, 486,254, 490,263'/>
	<area shape='poly' name='bla' id= 'bla' coords='849,784, 887,780, 887,780, 903,761, 903,761, 929,749, 929,749, 956,747, 956,747, 1001,759, 1001,759, 1051,753, 1051,753, 1069,728, 1069,728, 1066,714, 1066,714, 1041,707, 1041,707, 1006,687, 1006,687, 974,674, 974,674, 970,669, 970,669, 971,658, 971,658, 984,642, 984,642, 982,636, 982,636, 970,624, 970,624, 945,641, 945,641, 934,649, 934,649, 951,657, 951,657, 964,657, 964,657, 964,672, 964,672, 948,683, 948,683, 939,687, 939,687, 929,700, 929,700, 913,700, 913,700, 907,683, 907,683, 893,679, 893,679, 897,660, 897,660, 880,655, 880,655, 873,649,   861,649, 873,649,   861,649, 859,664, 859,664, 849,677, 849,677, 853,688, 853,688, 845,697, 845,697, 836,702, 836,702, 836,725, 836,725, 823,745, 823,745, 822,761, 822,761, 833,776, 833,776, 849,784'/>
	<area shape='poly' name='kie' id= 'kie' coords='467,501, 475,523, 475,523, 488,533, 488,533, 499,541, 499,541, 503,555, 503,555, 515,541, 515,541, 537,532, 537,532, 533,515, 533,515, 537,496, 537,496, 536,485, 536,485, 542,474, 542,474, 541,459, 541,459, 527,444, 527,444, 525,436, 525,436, 508,442, 508,442, 499,446, 499,446, 503,453, 503,453, 492,463, 492,463, 485,456, 485,456, 477,457, 477,457, 473,465, 473,465, 473,476, 473,476, 467,501'/>
	<area shape='poly' name='bot' id= 'bot' coords='627,362, 631,358, 631,358, 633,349, 633,349, 636,345, 636,345, 642,345, 642,345, 650,338, 650,338, 657,320, 657,320, 657,304, 657,304, 650,293, 650,293, 641,289, 641,289, 647,266, 647,266, 645,248, 645,248, 656,238, 656,238, 662,235, 662,235, 666,231, 666,231, 672,222, 672,222, 684,208, 684,208, 690,197, 690,197, 690,178, 690,178, 699,166, 699,166, 713,167, 713,167, 725,173, 725,173, 726,182, 726,182, 718,196, 718,196, 702,213, 702,213, 690,224, 690,224, 686,233, 686,233, 681,247, 681,247, 684,262, 684,262, 685,287, 685,287, 685,297, 685,297, 694,303,   702,309, 694,303,   702,309, 704,315, 704,315, 704,322, 704,322, 709,322, 709,322, 719,315, 719,315, 731,311, 731,311, 749,304, 749,304, 766,301, 766,301, 773,299, 773,299, 787,302, 787,302, 783,308, 783,308, 775,312, 775,312, 768,321, 768,321, 762,319, 762,319, 746,316, 746,316, 733,319, 733,319, 720,327, 720,327, 715,331, 715,331, 717,350, 717,350, 721,357, 721,357, 730,360, 730,360, 730,366, 730,366, 728,376, 728,376, 728,383, 728,383, 716,385, 716,385, 712,374, 712,374, 707,370, 707,370, 697,375, 697,375, 689,384, 689,384, 627,362'/>
	<area shape='poly' name='yor' id= 'yor' coords='350,391, 363,386, 363,386, 370,408, 370,408, 378,432, 378,432, 372,453, 372,453, 365,459, 365,459, 341,461, 341,461, 338,453, 338,453, 343,428, 343,428, 350,391'/>
	<area shape='poly' name='boh' id= 'boh' coords='560,556, 551,561, 551,561, 540,560, 540,560, 536,561, 536,561, 535,568, 535,568, 535,576, 535,576, 539,583, 539,583, 552,592, 552,592, 563,600, 563,600, 570,605, 570,605, 586,609, 586,609, 590,606, 590,606, 592,600, 592,600, 590,598, 590,598, 600,590, 600,590, 607,587, 607,587, 611,591, 611,591, 619,590, 619,590, 631,590, 631,590, 636,595, 636,595, 642,588, 642,588, 641,574, 641,574, 632,568, 632,568, 622,569, 622,569, 614,559, 614,559, 608,551, 608,551, 603,547, 603,547, 590,542, 590,542, 587,547, 587,547, 582,544, 582,544, 576,543, 576,543, 577,546,   574,552, 577,546,   574,552, 560,556'/>
	<area shape='poly' name='ion' id= 'ion' coords='492,901, 491,911, 491,911, 482,919, 482,919, 482,927, 482,927, 495,947, 495,947, 500,965, 500,965, 751,963, 751,963, 753,948, 753,948, 739,921, 739,921, 723,929, 723,929, 705,916, 705,916, 690,884, 690,884, 695,876, 695,876, 658,822, 658,822, 640,827, 640,827, 637,839, 637,839, 617,823, 617,823, 607,837, 607,837, 622,850, 622,850, 616,865, 616,865, 603,879, 603,879, 593,891, 593,891, 582,879, 582,879, 516,887, 516,887, 492,901'/>
	<area shape='poly' name='stp' id= 'stp' coords='720,327, 733,318, 733,318, 745,315, 745,315, 754,316, 754,316, 765,318, 765,318, 768,320, 768,320, 774,312, 774,312, 782,307, 782,307, 786,302, 786,302, 783,300, 783,300, 774,299, 774,299, 777,292, 777,292, 786,274, 786,274, 796,266, 796,266, 800,241, 800,241, 799,217, 799,217, 784,194, 784,194, 774,155, 774,155, 766,136, 766,136, 768,115, 768,115, 766,109, 766,109, 759,102, 759,102, 755,93, 755,93, 758,82, 758,82, 766,69, 766,69, 770,64, 770,64, 772,59, 772,59, 771,51, 771,51, 779,45, 779,45, 788,45, 788,45, 789,62, 789,62, 799,63, 799,63, 801,58,   816,56, 801,58,   816,56, 828,63, 828,63, 878,79, 878,79, 884,85, 884,85, 885,111, 885,111, 867,139, 867,139, 812,133, 812,133, 831,149, 831,149, 838,176, 838,176, 862,188, 862,188, 863,184, 863,184, 847,167, 847,167, 847,151, 847,151, 876,162, 876,162, 897,161, 897,161, 878,140, 878,140, 892,109, 892,109, 908,101, 908,101, 885,49, 885,49, 918,45, 918,45, 936,69, 936,69, 942,53, 942,53, 946,79, 946,79, 960,94, 960,94, 969,100, 969,100, 984,100, 984,100, 995,105, 995,105, 1002,106, 1002,106, 1038,131, 1038,131, 1037,161, 1037,161, 1043,178, 1043,178, 1060,197, 1060,197, 1059,215, 1059,215, 1074,240, 1074,240, 1077,256, 1077,256, 1072,253,   1040,258, 1072,253,   1040,258, 1036,261, 1036,261, 1019,271, 1019,271, 997,271, 997,271, 988,277, 988,277, 974,278, 974,278, 942,303, 942,303, 905,302, 905,302, 883,319, 883,319, 877,351, 877,351, 870,357, 870,357, 856,349, 856,349, 844,352, 844,352, 837,369, 837,369, 827,381, 827,381, 816,387, 816,387, 790,385, 790,385, 788,380, 788,380, 787,374, 787,374, 777,355, 777,355, 769,346, 769,346, 757,342, 757,342, 741,341, 741,341, 729,338, 729,338, 722,332, 722,332, 720,327'/>
	<area shape='poly' name='spa-nc' id= 'spa-nc' coords='175,629, 126,642, 126,642, 132,681, 132,681, 149,676, 149,676, 155,690, 155,690, 171,688, 171,688, 179,702, 179,702, 204,727, 204,727, 248,725, 248,725, 290,712, 290,712, 291,708, 291,708, 274,696, 274,696, 270,678, 270,678, 199,651, 199,651, 181,641, 181,641, 175,629'/>
	<area shape='poly' name='den' id= 'den' coords='499,446, 524,437, 524,437, 528,440, 528,440, 528,445, 528,445, 535,452, 535,452, 544,445, 544,445, 551,428, 551,428, 570,420, 570,420, 570,413, 570,413, 564,405, 564,405, 545,400, 545,400, 544,391, 544,391, 536,388, 536,388, 539,380, 539,380, 544,372, 544,372, 542,360, 542,360, 530,370, 530,370, 510,372, 510,372, 504,379, 504,379, 500,389, 500,389, 497,400, 497,400, 496,407, 496,407, 496,412, 496,412, 502,422, 502,422, 500,429, 500,429, 499,446'/>
	<area shape='poly' name='ber' id= 'ber' coords='540,459, 551,454, 551,454, 560,452, 560,452, 575,456, 575,456, 576,462, 576,462, 580,468, 580,468, 586,472, 586,472, 589,476, 589,476, 591,490, 591,490, 593,500, 593,500, 594,514, 594,514, 584,521, 584,521, 567,523, 567,523, 559,527, 559,527, 548,529, 548,529, 536,532, 536,532, 532,523, 532,523, 538,493, 538,493, 535,483, 535,483, 539,476, 539,476, 540,459'/>
	<area shape='poly' name='bal' id= 'bal' coords='627,361, 689,382, 689,382, 683,399, 683,399, 681,417, 681,417, 685,417, 685,417, 685,427, 685,427, 676,435, 676,435, 664,447, 664,447, 672,453, 672,453, 661,457, 661,457, 652,446, 652,446, 636,447, 636,447, 599,459, 599,459, 589,479, 589,479, 587,474, 587,474, 578,468, 578,468, 575,456, 575,456, 559,453, 559,453, 548,456, 548,456, 540,459, 540,459, 535,452, 535,452, 544,444, 544,444, 551,427, 551,427, 567,422, 567,422, 568,430, 568,430, 573,435, 573,435, 580,435, 580,435, 586,436, 586,436, 591,429, 591,429, 591,422, 591,422, 596,417, 596,417, 606,417,   612,417, 606,417,   612,417, 620,410, 620,410, 626,389, 626,389, 628,372, 628,372, 627,361'/>
	<area shape='poly' name='lvn' id= 'lvn' coords='720,327, 724,335, 724,335, 739,341, 739,341, 752,342, 752,342, 762,342, 762,342, 775,350, 775,350, 780,360, 780,360, 787,372, 787,372, 790,377, 790,377, 790,382, 790,382, 792,385, 792,385, 783,410, 783,410, 786,419, 786,419, 780,453, 780,453, 782,468, 782,468, 771,472, 771,472, 767,471, 767,471, 753,489, 753,489, 741,495, 741,495, 724,484, 724,484, 715,474, 715,474, 718,455, 718,455, 717,441, 717,441, 714,440, 714,440, 702,440, 702,440, 693,421, 693,421, 686,417, 686,417, 682,417, 682,417, 683,398, 683,398, 689,382, 689,382, 697,373, 697,373, 706,370,   713,373, 706,370,   713,373, 714,379, 714,379, 717,385, 717,385, 722,385, 722,385, 728,383, 728,383, 727,373, 727,373, 729,364, 729,364, 728,359, 728,359, 720,356, 720,356, 717,349, 717,349, 717,338, 717,338, 715,330, 715,330, 720,327'/>
	<area shape='poly' name='iri' id= 'iri' coords='181,483, 191,444, 191,444, 204,436, 204,436, 270,437, 270,437, 285,396, 285,396, 298,393, 298,393, 324,400, 324,400, 319,421, 319,421, 295,431, 295,431, 292,449, 292,449, 280,449, 280,449, 282,466, 282,466, 296,471, 296,471, 273,480, 273,480, 257,497, 257,497, 238,501, 238,501, 222,512, 222,512, 207,494, 207,494, 181,483'/>
	<area shape='poly' name='bul-sc' id= 'bul-sc' coords='728,784, 766,771, 766,771, 809,771, 809,771, 795,782, 795,782, 799,793, 799,793, 792,810, 792,810, 765,819, 765,819, 761,805, 761,805, 756,795, 756,795, 731,800, 731,800, 722,799, 722,799, 718,796, 718,796, 719,789, 719,789, 728,784'/>
	<area shape='poly' name='con' id= 'con' coords='831,771, 823,772, 823,772, 815,773, 815,773, 813,773, 813,773, 808,774, 808,774, 792,781, 792,781, 791,784, 791,784, 796,790, 796,790, 798,796, 798,796, 797,800, 797,800, 790,810, 790,810, 786,811, 786,811, 791,813, 791,813, 800,814, 800,814, 793,828, 793,828, 791,833, 791,833, 793,839, 793,839, 799,844, 799,844, 810,843, 810,843, 826,842, 826,842, 832,847, 832,847, 844,851, 844,851, 853,847, 853,847, 860,847, 860,847, 866,848, 866,848, 872,849, 872,849, 882,847, 882,847, 885,845, 885,845, 893,846, 893,846, 893,826, 893,826, 896,822, 896,822, 895,811,   890,801, 895,811,   890,801, 886,789, 886,789, 885,781, 885,781, 868,783, 868,783, 847,785, 847,785, 831,771'/>
</map>