<?xml version="1.0" encoding="UTF-8" standalone="no"?>
<!DOCTYPE svg PUBLIC "-//W3C//DTD SVG 20010904//EN"
              "http://www.w3.org/TR/2001/REC-SVG-20010904/DTD/svg10.dtd">

<svg xmlns="http://www.w3.org/2000/svg"
     width="4.22222in" height="2.44444in"
     viewBox="0 0 380 220">
  <path id="Selection"
        fill="none" stroke="black" stroke-width="1"
        d="M 189.30,84.89
           C 192.48,80.61 194.23,67.61 195.00,62.00
             195.47,58.55 196.33,54.43 195.78,51.00
             195.11,46.81 192.39,43.96 192.29,40.00
             192.18,35.25 195.73,32.92 197.37,28.00
             199.45,21.74 198.25,10.94 202.00,6.31
             203.33,4.68 204.92,4.07 207.00,4.33
             213.29,5.13 214.55,12.87 214.91,18.00
             215.17,21.62 214.64,25.49 215.63,29.00
             216.83,33.25 219.42,35.53 218.89,42.00
             218.51,46.70 216.49,48.68 216.47,53.00
             216.47,53.00 221.00,88.00 221.00,88.00
             221.00,88.00 243.00,88.00 243.00,88.00
             252.49,88.12 260.65,93.77 252.77,102.96
             245.08,111.94 223.51,118.80 232.01,133.00
             233.02,134.70 234.55,136.48 236.04,137.77
             246.06,146.47 250.65,133.99 259.00,130.51
             271.62,125.17 276.90,131.43 284.00,130.51
             287.95,130.04 304.33,122.89 309.00,123.24
             312.81,123.52 316.54,126.92 315.34,130.96
             313.95,135.64 299.54,143.28 295.00,145.96
             301.19,147.64 311.07,149.64 316.82,145.96
             321.37,142.96 321.00,138.46 327.02,136.13
             332.66,134.36 335.56,135.54 341.00,136.13
             341.00,136.13 361.00,137.34 361.00,137.34
             372.90,139.78 370.98,156.99 367.35,160.26
             365.33,162.08 362.53,161.93 360.00,162.00
             360.00,162.00 372.47,192.00 372.47,192.00
             373.96,195.77 375.04,202.34 372.47,205.78
             367.75,211.83 351.09,210.45 344.00,211.28
             326.28,213.38 308.84,213.97 291.00,214.00
             291.00,214.00 276.00,215.00 276.00,215.00
             276.00,215.00 258.00,215.00 258.00,215.00
             258.00,215.00 243.00,216.00 243.00,216.00
             243.00,216.00 128.00,216.00 128.00,216.00
             128.00,216.00 114.00,215.00 114.00,215.00
             114.00,215.00 102.00,215.00 102.00,215.00
             102.00,215.00 85.00,214.00 85.00,214.00
             85.00,214.00 75.00,213.09 75.00,213.09
             75.00,213.09 38.00,210.91 38.00,210.91
             38.00,210.91 6.19,209.00 6.19,209.00
             6.19,209.00 6.19,194.00 6.19,194.00
             7.54,188.69 14.48,177.75 17.67,173.00
             20.66,168.54 24.18,163.00 29.00,160.44
             34.82,157.36 39.90,158.33 46.00,157.91
             46.00,157.91 69.00,156.00 69.00,156.00
             69.00,156.00 69.00,147.00 69.00,147.00
             63.82,146.57 51.03,143.82 47.31,140.35
             43.12,136.44 45.16,128.60 54.00,129.48
             58.02,129.88 63.04,131.73 67.00,131.53
             78.18,130.98 81.98,122.82 82.00,113.00
             82.01,108.65 82.30,97.62 81.47,94.00
             80.14,88.18 76.57,84.59 78.65,78.00
             79.75,74.51 82.20,71.71 86.00,71.32
             89.02,71.01 94.00,73.05 97.00,73.98
             106.92,77.04 106.79,75.21 117.20,81.00
             118.11,76.45 118.57,70.59 117.20,66.00
             116.36,61.96 113.16,57.24 114.75,53.08
             117.65,45.45 140.34,46.29 143.79,53.08
             146.36,58.20 140.75,62.70 138.97,69.00
             136.79,76.45 138.39,85.42 138.97,93.00
             138.97,93.00 164.79,93.00 164.79,93.00
             164.79,93.00 164.79,67.00 164.79,67.00
             163.47,62.43 159.19,58.60 160.78,54.08
             163.36,46.70 183.58,47.35 186.25,54.08
             188.10,58.78 183.83,63.32 182.53,69.00
             181.17,74.90 182.53,83.17 184.00,89.00
             186.30,87.73 187.67,87.10 189.30,84.89 Z
           M 91.74,94.02
           C 90.93,96.05 91.01,98.82 91.00,101.00
             90.96,109.03 89.47,122.57 94.42,128.99
             97.17,132.56 103.13,137.40 108.00,136.48
             116.82,134.81 118.99,122.27 119.00,115.00
             119.01,111.51 119.36,102.87 118.26,100.00
             115.45,92.64 105.52,87.88 98.00,88.47
             94.86,89.68 93.06,90.65 91.74,94.02 Z" />
</svg>
